1,3,11,14,DAA,PY,5,1,63
1,5,14,8,DAA,MB,5,1,63
3,7,8,5,PY,CB,5,1,64
9,11,4,6,SB,CRS,5,1,64
13,9,32,11,NT,SB,5,1,64
5,7,17,22,MB,CB,5,1,65
7,1,4,15,CB,DAA,5,1,65
11,15,2,4,CRS,TP,5,1,65
3,5,7,5,PY,MB,5,1,66
15,13,3,5,TP,NT,5,1,66
15,9,7,6,TP,SB,5,1,66
0,2,11,8,UWS,VB,5,1,66
0,2,5,1,UWS,VB,5,1,66
13,11,5,3,NT,CRS,5,1,67
4,6,2,3,CA,JS,5,1,67
4,6,5,4,CA,JS,5,1,67
4,0,3,17,CA,UWS,5,1,68
6,2,19,16,JS,VB,5,1,68
4,2,7,10,CA,VB,5,1,68
6,0,5,12,JS,UWS,5,1,68
5,9,11,8,MB,SB,5,1,68
2,4,3,10,VB,CA,5,1,69
0,6,3,10,UWS,JS,5,1,69
6,6,26,31,JS,JS,5,1,69
7,11,7,11,CB,CRS,5,1,69
0,4,17,4,UWS,CA,5,1,70
11,9,4,5,CRS,SB,5,1,70
5,7,1,2,MB,CB,5,1,71
11,5,7,9,CRS,MB,5,1,71
8,10,3,12,PP,CD,5,1,71
9,7,12,8,SB,CB,5,1,72
12,14,6,2,GC,AR,5,1,72
14,10,4,2,AR,CD,5,1,73
8,12,10,12,PP,GC,5,1,74
14,8,4,3,AR,PP,5,1,75
10,12,18,8,CD,GC,5,1,75
10,12,13,5,CD,GC,5,1,76
7,11,6,0,CB,CRS,5,1,77
8,10,0,6,PP,CD,5,1,78
11,8,9,0,CRS,PP,5,1,79
28,29,7,3,TD,LAR,0,0,90
23,24,3,7,CH,FR,0,0,90
3,4,16,11,WC,AA,0,0,90
8,9,8,2,OS,BO,0,0,91
6,7,1,10,BD,TBA,0,0,91
14,5,4,5,CB,BR,0,0,91
21,22,13,11,PS,KCB,0,0,91
19,27,4,5,BA,CA,0,0,91
12,13,4,0,TBD,PA,0,0,91
10,11,7,10,KCG,AA,0,0,91
0,2,6,4,BA,ARC,0,0,91
20,26,3,4,SC,TBB,0,0,91
25,1,13,15,AS,TP,0,0,91
17,18,8,3,TA,BA,0,0,91
15,16,3,23,TBH,SLO,0,0,91
21,22,2,4,PS,KCB,0,0,92
8,9,8,6,OS,BO,0,0,92
23,24,13,3,CH,FR,0,0,92
28,29,2,3,TD,LAR,0,0,92
6,7,10,3,BD,TBA,0,0,92
14,5,3,15,CB,BR,0,0,92
20,26,6,9,SC,TBB,0,0,92
3,4,4,12,WC,AA,0,0,92
21,22,6,2,PS,KCB,0,0,93
8,9,3,15,OS,BO,0,0,93
23,24,5,9,CH,FR,0,0,93
6,7,16,12,BD,TBA,0,0,93
20,26,0,1,SC,TBB,0,0,93
14,5,3,2,CB,BR,0,0,93
25,1,4,9,AS,TP,0,0,93
19,27,3,6,BA,CA,0,0,93
3,4,5,6,WC,AA,0,0,93
17,18,3,10,TA,BA,0,0,93
0,2,5,2,BA,ARC,0,0,93
15,16,0,6,TBH,SLO,0,0,93
10,11,2,6,KCG,AA,0,0,93
28,29,15,6,TD,LAR,0,0,93
12,13,2,8,TBD,PA,0,0,93
23,24,7,8,CH,FR,0,0,94
6,7,5,4,BD,TBA,0,0,94
0,4,5,3,BA,AA,0,0,94
17,18,3,17,TA,BA,0,0,94
15,16,3,7,TBH,SLO,0,0,94
8,9,4,3,OS,BO,0,0,94
21,22,9,16,PS,KCB,0,0,94
10,11,0,11,KCG,AA,0,0,94
20,26,13,7,SC,TBB,0,0,94
25,1,12,15,AS,TP,0,0,94
12,13,7,4,TBD,PA,0,0,94
19,27,5,3,BA,CA,0,0,94
6,8,9,10,BD,OS,0,0,95
14,24,16,11,CB,FR,0,0,95
27,29,0,4,CA,LAR,0,0,95
13,11,9,6,PA,AA,0,0,95
12,7,0,5,TBD,TBA,0,0,95
28,26,5,1,TD,TBB,0,0,95
9,5,7,12,BO,BR,0,0,95
0,4,3,6,BA,AA,0,0,95
15,18,2,10,TBH,BA,0,0,95
3,2,7,3,WC,ARC,0,0,95
23,21,6,7,CH,PS,0,0,95
22,20,13,5,KCB,SC,0,0,95
16,19,17,9,SLO,BA,0,0,95
1,10,6,18,TP,KCG,0,0,95
17,25,2,1,TA,AS,0,0,95
6,8,13,9,BD,OS,0,0,96
23,21,3,7,CH,PS,0,0,96
22,20,9,0,KCB,SC,0,0,96
14,24,3,4,CB,FR,0,0,96
9,5,7,13,BO,BR,0,0,96
15,18,4,19,TBH,BA,0,0,96
12,7,5,11,TBD,TBA,0,0,96
28,26,3,7,TD,TBB,0,0,96
16,19,1,6,SLO,BA,0,0,96
17,25,12,4,TA,AS,0,0,96
0,4,13,3,BA,AA,0,0,96
3,2,16,3,WC,ARC,0,0,96
27,29,1,11,CA,LAR,0,0,96
13,11,8,3,PA,AA,0,0,96
1,10,17,13,TP,KCG,0,0,96
15,18,11,7,TBH,BA,0,0,97
23,21,1,9,CH,PS,0,0,97
14,24,13,10,CB,FR,0,0,97
6,8,12,3,BD,OS,0,0,97
22,20,6,8,KCB,SC,0,0,97
9,5,1,3,BO,BR,0,0,97
27,29,1,12,CA,LAR,0,0,97
13,11,2,6,PA,AA,0,0,97
12,7,6,4,TBD,TBA,0,0,97
28,26,0,1,TD,TBB,0,0,97
16,19,12,10,SLO,BA,0,0,97
3,2,1,12,WC,ARC,0,0,97
17,25,20,0,TA,AS,0,0,97
0,4,8,6,BA,AA,0,0,97
1,10,23,13,TP,KCG,0,0,97
21,20,3,1,PS,SC,0,0,98
22,28,5,1,KCB,TD,0,0,98
29,16,10,5,LAR,SLO,0,0,98
18,19,4,12,BA,BA,0,0,98
27,25,4,1,CA,AS,0,0,98
7,6,13,3,TBA,BD,0,0,98
24,23,3,4,FR,CH,0,0,98
9,12,2,24,BO,TBD,0,0,98
1,10,10,6,TP,KCG,0,0,98
4,3,2,1,AA,WC,0,0,98
24,23,2,6,FR,CH,0,0,99
7,6,1,14,TBA,BD,0,0,99
5,8,0,7,BR,OS,0,0,99
21,20,8,7,PS,SC,0,0,99
2,1,2,9,ARC,TP,0,0,99
17,15,7,11,TA,TBH,0,0,99
26,0,3,4,TBB,BA,0,0,99
29,16,16,6,LAR,SLO,0,0,99
18,19,4,5,BA,BA,0,0,99
27,25,1,11,CA,AS,0,0,99
11,14,4,12,AA,CB,0,0,99
13,10,6,17,PA,KCG,0,0,99
24,23,2,8,FR,CH,0,0,100
7,6,4,17,TBA,BD,0,0,100
5,8,3,4,BR,OS,0,0,100
9,12,13,3,BO,TBD,0,0,100
22,28,9,3,KCB,TD,0,0,100
2,1,10,8,ARC,TP,0,0,100
17,15,3,4,TA,TBH,0,0,100
26,0,3,4,TBB,BA,0,0,100
18,19,22,2,BA,BA,0,0,100
27,25,8,6,CA,AS,0,0,100
11,14,5,27,AA,CB,0,0,100
29,16,3,2,LAR,SLO,0,0,100
21,20,2,9,PS,SC,0,0,100
13,10,6,4,PA,KCG,0,0,100
4,3,9,4,AA,WC,0,0,100
20,23,0,4,SC,CH,0,0,101
9,12,0,4,BO,TBD,0,0,101
18,15,8,5,BA,TBH,0,0,101
26,27,5,4,TBB,CA,0,0,101
2,0,8,1,ARC,BA,0,0,101
4,3,11,10,AA,WC,0,0,101
11,14,17,4,AA,CB,0,0,101
5,8,0,9,BR,OS,0,0,101
22,28,18,10,KCB,TD,0,0,101
13,10,6,4,PA,KCG,0,0,101
20,23,6,5,SC,CH,0,0,102
5,6,4,3,BR,BD,0,0,102
24,22,1,7,FR,KCB,0,0,102
7,9,1,11,TBA,BO,0,0,102
8,12,2,7,OS,TBD,0,0,102
11,13,4,12,AA,PA,0,0,102
21,17,5,2,PS,TA,0,0,102
4,1,7,8,AA,TP,0,0,102
18,15,7,2,BA,TBH,0,0,102
26,27,4,1,TBB,CA,0,0,102
10,14,1,15,KCG,CB,0,0,102
2,0,2,3,ARC,BA,0,0,102
29,3,3,7,LAR,WC,0,0,102
19,16,4,9,BA,SLO,0,0,102
25,28,6,9,AS,TD,0,0,102
5,6,2,5,BR,BD,0,0,103
24,22,5,3,FR,KCB,0,0,103
8,12,7,6,OS,TBD,0,0,103
21,17,3,5,PS,TA,0,0,103
18,15,1,12,BA,TBH,0,0,103
10,14,16,18,KCG,CB,0,0,103
4,1,7,5,AA,TP,0,0,103
7,9,2,27,TBA,BO,0,0,103
20,23,11,9,SC,CH,0,0,103
25,28,14,7,AS,TD,0,0,103
11,13,9,1,AA,PA,0,0,103
26,27,3,16,TBB,CA,0,0,103
2,0,6,1,ARC,BA,0,0,103
29,3,6,3,LAR,WC,0,0,103
19,16,8,5,BA,SLO,0,0,103
29,3,9,2,LAR,WC,0,0,104
5,6,10,14,BR,BD,0,0,104
11,13,2,10,AA,PA,0,0,104
24,22,10,6,FR,KCB,0,0,104
7,9,0,16,TBA,BO,0,0,104
20,23,5,7,SC,CH,0,0,104
25,28,4,3,AS,TD,0,0,104
8,12,8,16,OS,TBD,0,0,104
4,1,11,10,AA,TP,0,0,104
21,17,0,4,PS,TA,0,0,104
19,16,11,7,BA,SLO,0,0,104
18,15,6,7,BA,TBH,0,0,104
26,27,5,4,TBB,CA,0,0,104
10,14,7,3,KCG,CB,0,0,104
2,0,4,9,ARC,BA,0,0,104
15,6,8,4,TBH,BD,0,0,105
24,22,7,2,FR,KCB,0,0,105
5,9,13,4,BR,BO,0,0,105
8,7,13,12,OS,TBA,0,0,105
14,13,5,1,CB,PA,0,0,105
26,28,4,13,TBB,TD,0,0,105
21,17,6,9,PS,TA,0,0,105
25,29,5,9,AS,LAR,0,0,105
11,3,11,5,AA,WC,0,0,105
4,1,4,18,AA,TP,0,0,105
15,6,19,7,TBH,BD,0,0,106
20,22,7,15,SC,KCB,0,0,106
24,21,2,4,FR,PS,0,0,106
5,9,4,13,BR,BO,0,0,106
23,12,13,5,CH,TBD,0,0,106
25,29,1,8,AS,LAR,0,0,106
8,7,10,12,OS,TBA,0,0,106
14,13,20,4,CB,PA,0,0,106
26,28,2,3,TBB,TD,0,0,106
16,17,20,4,SLO,TA,0,0,106
19,18,19,3,BA,BA,0,0,106
10,4,15,7,KCG,AA,0,0,106
2,27,5,3,ARC,CA,0,0,106
1,0,10,5,TP,BA,0,0,106
11,3,10,2,AA,WC,0,0,106
